image: /root/ros1_ws/src/robot_pkg/data/2024_12_11_16_8_39___B/map.pgm
resolution: 0.050000
origin: [-0.931972, -0.652244, 0.000000]
negate: 0
occupied_thresh: 0.65
free_thresh: 0.196

