image: /root/ros1_ws/src/robot_pkg/data/2024_12_18_11_51_52_2_1_B/map.pgm
resolution: 0.050000
origin: [-0.919878, -11.159998, 0.000000]
negate: 0
occupied_thresh: 0.65
free_thresh: 0.196

