image: /root/ros1_ws/src/robot_pkg/data/2024_12_13_16_16_0___A/map.pgm
resolution: 0.050000
origin: [-0.597042, -7.312921, 0.000000]
negate: 0
occupied_thresh: 0.65
free_thresh: 0.196

