image: /root/ros1_ws/src/robot_pkg/data/2024_12_13_15_22_1___A/map.pgm
resolution: 0.050000
origin: [-0.579132, -2.905022, 0.000000]
negate: 0
occupied_thresh: 0.65
free_thresh: 0.196

