image: /root/ros1_ws/src/robot_pkg/data/2024_12_13_14_12_45___C/map.pgm
resolution: 0.050000
origin: [-0.606328, -0.985227, 0.000000]
negate: 0
occupied_thresh: 0.65
free_thresh: 0.196

