image: /root/ros1_ws/src/robot_pkg/data/2024_12_11_16_5_59___B/map.pgm
resolution: 0.050000
origin: [-0.915136, -0.654098, 0.000000]
negate: 0
occupied_thresh: 0.65
free_thresh: 0.196

