image: /root/ros1_ws/src/robot_pkg/data/2024_12_11_19_55_44___C/map.pgm
resolution: 0.050000
origin: [-0.606663, -0.995896, 0.000000]
negate: 0
occupied_thresh: 0.65
free_thresh: 0.196

