image: /root/ros1_ws/src/robot_pkg/data/2024_12_6_19_20_39___B/map.pgm
resolution: 0.050000
origin: [-0.923555, -7.335485, 0.000000]
negate: 0
occupied_thresh: 0.65
free_thresh: 0.196

