image: /root/ros1_ws/src/robot_pkg/data/2024_12_17_20_45_45___A/map.pgm
resolution: 0.050000
origin: [-0.583437, -7.247237, 0.000000]
negate: 0
occupied_thresh: 0.65
free_thresh: 0.196

