image: /root/ros1_ws/src/robot_pkg/data/2024_12_17_19_26_18___C/map.pgm
resolution: 0.050000
origin: [-0.609868, -0.990274, 0.000000]
negate: 0
occupied_thresh: 0.65
free_thresh: 0.196

