image: /root/ros1_ws/src/robot_pkg/data/2024_12_11_21_59_36___C/map.pgm
resolution: 0.050000
origin: [-1.121583, -1.491962, 0.000000]
negate: 0
occupied_thresh: 0.65
free_thresh: 0.196

