image: /root/ros1_ws/src/robot_pkg/data/2024_12_11_22_13_51___C/map.pgm
resolution: 0.050000
origin: [-0.618284, -3.186690, 0.000000]
negate: 0
occupied_thresh: 0.65
free_thresh: 0.196

