image: /root/ros1_ws/src/robot_pkg/data/2024_12_18_11_13_35___B/map.pgm
resolution: 0.050000
origin: [-0.925056, -0.655782, 0.000000]
negate: 0
occupied_thresh: 0.65
free_thresh: 0.196

