image: /root/ros1_ws/src/robot_pkg/data/2024_12_17_20_43_50___A/map.pgm
resolution: 0.050000
origin: [-0.597751, -5.174549, 0.000000]
negate: 0
occupied_thresh: 0.65
free_thresh: 0.196

