image: /root/ros1_ws/src/robot_pkg/data/2024_12_6_18_57_25___B/map.pgm
resolution: 0.050000
origin: [-0.921158, -1.420565, 0.000000]
negate: 0
occupied_thresh: 0.65
free_thresh: 0.196

