image: /root/ros1_ws/src/robot_pkg/data/2024_12_13_14_35_47___C/map.pgm
resolution: 0.050000
origin: [-0.613131, -1.388604, 0.000000]
negate: 0
occupied_thresh: 0.65
free_thresh: 0.196

