image: /root/ros1_ws/src/robot_pkg/data/2024_12_18_15_32_24_1_A_A/map.pgm
resolution: 0.050000
origin: [-0.579652, -12.147246, 0.000000]
negate: 0
occupied_thresh: 0.65
free_thresh: 0.196

