image: /root/ros1_ws/src/robot_pkg/data/2024_12_12_8_57_31___C/map.pgm
resolution: 0.050000
origin: [-0.614553, -10.827874, 0.000000]
negate: 0
occupied_thresh: 0.65
free_thresh: 0.196

