image: /root/ros1_ws/src/robot_pkg/data/2024_12_13_17_31_23___A/map.pgm
resolution: 0.050000
origin: [-0.584530, -4.300873, 0.000000]
negate: 0
occupied_thresh: 0.65
free_thresh: 0.196

